"Name"
"Case A1"
"TYPEA"
1,2
1,1,2,6.86,2500,41000,923.3903,8000
1,"PMP",0,1
1
2,"RES",1,0
1
0,0,0,0,1,0,0
1,0,0,0,0,0,0
0,0,0,1,0,0,0,1,0
74,6.86,1
0,0,0
6,1.143333,1.143333,103,103,85,1440,"NO",218.4716,436.9432,10,1,"NO",.7,1,1
0
1,23000,36
1,35000,51
1,45500,62.8
1
1
1
1
7
1,8000
1,15500
1,23000
1,35000
1,42500
1,45500
1,49000
"NO"
"NO"
"YES"
"YES"
1,20,1,1500,"NO",1,750
0
0
0
0
4
1,200,24000,40
1,200,35000,53.5
1,200,42500,61
1,200,45500,65.3
0
0
0
"NO"
