.634,-.648
.643,-.547
.646,-.414
.64,-.292
.629,-.187
.613,-.105
.595,-.053
.575,.012
.552,.042
.533,.097
.516,.156
.505,.227
.504,.3
.51,.371
.512,.444
.522,.522
.539,.596
.559,.672
.58,.738
.601,.763
.63,.797
.662,.837
.692,.865
.722,.883
.753,.886
.782,.877
.808,.859
.832,.838
.857,.804
.879,.758
.904,.703
.93,.645
.959,.583
.996,.52
1.027,.454
1.06,.408
1.09,.37
1.124,.343
1.165,.331
1.204,.329
1.238,.338
1.258,.354
1.271,.372
1.282,.405
1.288,.45
1.281,.486
1.26,.52
1.225,.552
1.172,.579
1.107,.603
1.031,.616
.942,.617
.842,.606
.733,.582
.617,.546
.5,.5
.368,.432
.24,.36
.125,.288
.011,.214
-.102,.123
-.168,.037
-.255,-.053
-.342,-.161
-.423,-.248
-.494,-.314
-.556,-.372
-.62,-.58
-.655,-.74
-.67,-.88
-.67,-1
-.66,-1.12
-.655,-1.25
-.64,-1.37
-.6,-1.49
-.57,-1.59
-.52,-1.66
-.47,-1.69
-.43,-1.77
-.36,-1.65
-.275,-1.59
-.16,-1.52
-.04,-1.42
.13,-1.32
.295,-1.23
.43,-1.1
.55,-.98
.62,-.82
.634,-.684
